{
 "cells": [
  {
   "cell_type": "markdown",
   "metadata": {
    "collapsed": true
   },
   "source": [
    "## 03 - Ortogonális mátrixok\n",
    "\n",
    "Döntsük el, hogy a következő mátrix lehet-e  lehet-e ortonormált bázisok közti áttérés mátrixa, azaz ortogonális mátrix-e?\n",
    "\n",
    "$$T=\\left(\\begin{array}{ccc}0.7288991255358142 & -0.4338837391175581 & -0.5295762133276873\\\\\n",
    "        -0.3335273011906018 & 0.4504844339512097 & -0.8281445007534446\\\\\n",
    "         0.5978842732114963 & 0.7802619276224011 & 0.1836456374361667\\\\\n",
    "\\end{array}\\right)$$\n",
    "\n",
    "Végezzük el a bázistranszformációt az 1. feladatbeli $M_2$ mátrixon, és ellenőrizzük, hogy a spúrja és determinánsa megváltozott-e!\n",
    "\n",
    "*Segítségül a mátrixot listaformátumban megadtuk a következő cellában.*"
   ]
  },
  {
   "cell_type": "code",
   "execution_count": 2,
   "metadata": {
    "collapsed": false
   },
   "outputs": [
    {
     "name": "stdout",
     "output_type": "stream",
     "text": [
      "Populating the interactive namespace from numpy and matplotlib\n"
     ]
    }
   ],
   "source": [
    "%pylab inline"
   ]
  },
  {
   "cell_type": "code",
   "execution_count": 3,
   "metadata": {
    "collapsed": false
   },
   "outputs": [
    {
     "data": {
      "text/plain": [
       "matrix([[ 1.,  1.,  1.],\n",
       "        [ 1.,  1.,  1.],\n",
       "        [ 1.,  1.,  1.]])"
      ]
     },
     "execution_count": 3,
     "metadata": {},
     "output_type": "execute_result"
    }
   ],
   "source": [
    "T=[[ 0.7288991255358142, -0.4338837391175581, -0.5295762133276873],\n",
    "        [-0.3335273011906018,  0.4504844339512097, -0.8281445007534446],\n",
    "        [ 0.5978842732114963,  0.7802619276224011,  0.1836456374361667]]\n",
    "\n",
    "mt=matrix(T) #definiálom a mátrixomat\n",
    "\n",
    "inv(mt)/mt.T  #az osztással megvizsgálom hogy az invertált mx megegyezik-e a transzponáltal,\n",
    "               #hiszen egy mátrix akkor ortogonális ha az inverze és a Transzponáltja megegyezik.\n",
    "    #Esetünkben a mátrix ortogonális"
   ]
  },
  {
   "cell_type": "code",
   "execution_count": 4,
   "metadata": {
    "collapsed": false
   },
   "outputs": [
    {
     "data": {
      "text/plain": [
       "matrix([[ 0.72889913, -0.3335273 ,  0.59788427],\n",
       "        [-0.43388374,  0.45048443,  0.78026193],\n",
       "        [-0.52957621, -0.8281445 ,  0.18364564]])"
      ]
     },
     "execution_count": 4,
     "metadata": {},
     "output_type": "execute_result"
    }
   ],
   "source": [
    "mt.T"
   ]
  },
  {
   "cell_type": "code",
   "execution_count": 5,
   "metadata": {
    "collapsed": false
   },
   "outputs": [
    {
     "data": {
      "text/plain": [
       "matrix([[ 0.72889913, -0.3335273 ,  0.59788427],\n",
       "        [-0.43388374,  0.45048443,  0.78026193],\n",
       "        [-0.52957621, -0.8281445 ,  0.18364564]])"
      ]
     },
     "execution_count": 5,
     "metadata": {},
     "output_type": "execute_result"
    }
   ],
   "source": [
    "inv(mt)"
   ]
  },
  {
   "cell_type": "code",
   "execution_count": 8,
   "metadata": {
    "collapsed": false
   },
   "outputs": [
    {
     "data": {
      "text/plain": [
       "1.0000000000000002"
      ]
     },
     "execution_count": 8,
     "metadata": {},
     "output_type": "execute_result"
    }
   ],
   "source": [
    "\n",
    "b=matrix([[7,9,6],\n",
    "          [9,3,0],\n",
    "          [1,2,3]]) \n",
    "\n",
    "x=mt*b*inv(mt)\n",
    "\n",
    "trace(b)/trace(x) #ugyanilyen módszerrel megvizsgálom, hogy a mátrixok trace-jei megyegyeznek-e, azt tapasztaljuk, hogy igen."
   ]
  },
  {
   "cell_type": "code",
   "execution_count": 7,
   "metadata": {
    "collapsed": false
   },
   "outputs": [
    {
     "data": {
      "text/plain": [
       "1.0000000000000009"
      ]
     },
     "execution_count": 7,
     "metadata": {},
     "output_type": "execute_result"
    }
   ],
   "source": [
    "det(b)/det(x) # a determinánsa azonban megegyezik"
   ]
  },
  {
   "cell_type": "code",
   "execution_count": null,
   "metadata": {
    "collapsed": true
   },
   "outputs": [],
   "source": []
  }
 ],
 "metadata": {
  "hide_input": false,
  "kernelspec": {
   "display_name": "Python 3",
   "language": "python",
   "name": "python3"
  },
  "language_info": {
   "codemirror_mode": {
    "name": "ipython",
    "version": 3
   },
   "file_extension": ".py",
   "mimetype": "text/x-python",
   "name": "python",
   "nbconvert_exporter": "python",
   "pygments_lexer": "ipython3",
   "version": "3.5.2"
  },
  "toc": {
   "colors": {
    "hover_highlight": "#DAA520",
    "running_highlight": "#FF0000",
    "selected_highlight": "#FFD700"
   },
   "moveMenuLeft": true,
   "nav_menu": {
    "height": "12px",
    "width": "252px"
   },
   "navigate_menu": true,
   "number_sections": true,
   "sideBar": true,
   "threshold": 4,
   "toc_cell": false,
   "toc_section_display": "block",
   "toc_window_display": false
  }
 },
 "nbformat": 4,
 "nbformat_minor": 0
}
